152
141
-1
104
170
-1
179
143
-1
164
30
114
-1
66
99
-1
136
59
-1
160
10
21
-1
104
56
47
-1
192
83
-1
7
37
13
-1
12
18
-1
11
178
74
-1
105
10
-1
39
119
194
-1
171
127
-1
125
27
53
185
147
-1
108
36
97
-1
103
140
11
-1
111
157
62
68
-1
156
41
-1
40
7
42
-1
113
196
-1
162
95
176
-1
162
96
-1
151
31
121
174
-1
193
164
174
-1
16
53
-1
158
89
144
-1
33
119
126
67
-1
34
116
4
-1
53
134
25
146
-1
58
113
-1
29
-1
82
30
165
-1
112
64
174
-1
17
72
-1
60
10
122
-1
119
146
168
-1
67
100
14
-1
83
48
21
-1
20
74
52
-1
72
21
76
-1
118
94
171
127
-1
145
101
189
-1
105
128
187
-1
187
160
-1
51
8
177
-1
40
192
160
-1
195
143
-1
75
138
-1
47
118
-1
41
190
-1
185
27
31
168
-1
122
128
191
-1
109
159
-1
96
8
-1
176
145
-1
167
32
-1
6
107
186
-1
37
182
-1
114
196
-1
131
125
19
127
-1
161
85
-1
172
35
-1
146
158
-1
175
5
-1
29
39
190
-1
171
19
-1
90
92
-1
111
-1
85
103
72
-1
42
71
107
36
-1
105
132
-1
41
184
12
-1
88
83
50
87
-1
42
182
-1
78
192
-1
77
130
-1
139
155
-1
90
92
186
169
-1
183
110
145
-1
34
-1
75
9
155
40
-1
180
138
192
176
-1
71
91
63
-1
110
129
189
150
-1
75
109
-1
102
75
136
-1
28
154
-1
149
69
80
-1
169
85
-1
69
80
126
-1
124
99
-1
43
170
-1
23
153
-1
56
24
-1
135
17
-1
184
100
-1
5
93
-1
39
98
-1
123
136
44
-1
88
135
-1
71
18
-1
2
8
-1
13
45
73
-1
132
128
-1
59
169
72
135
-1
17
124
-1
87
55
-1
81
86
-1
19
70
177
-1
35
196
-1
22
32
144
-1
4
61
115
-1
133
114
-1
165
30
173
164
-1
165
157
-1
51
43
-1
120
29
38
14
-1
194
158
119
-1
167
25
146
-1
37
54
-1
101
181
-1
93
139
108
-1
62
16
-1
92
148
29
190
-1
43
15
150
62
-1
106
45
54
-1
170
86
-1
78
179
-1
62
150
148
-1
73
106
-1
172
115
-1
166
31
-1
102
107
97
-1
6
101
88
-1
184
178
-1
84
50
-1
124
79
-1
72
18
191
-1
1
170
-1
-1
49
3
-1
113
28
154
-1
44
57
81
-1
121
38
168
31
65
-1
16
157
-1
131
126
149
-1
150
189
148
90
-1
149
131
127
86
-1
25
166
193
-1
183
153
1
-1
152
95
-1
144
89
194
-1
83
79
-1
20
161
-1
19
117
147
-1
120
28
65
-1
55
175
-1
7
46
48
-1
156
63
-1
23
24
-1
166
173
117
-1
26
4
116
-1
117
163
34
-1
163
151
185
134
-1
121
58
-1
38
146
53
-1
91
107
80
-1
141
2
129
94
-1
68
188
15
43
-1
133
64
-1
163
116
-1
25
26
35
-1
23
57
84
-1
68
15
188
43
-1
12
137
-1
3
130
-1
84
195
-1
123
186
-1
60
191
76
-1
152
81
-1
74
98
137
-1
16
166
53
-1
189
181
59
80
-1
46
45
-1
177
171
-1
86
149
186
44
-1
126
67
52
-1
54
140
182
-1
9
77
48
84
-1
26
151
-1
120
14
154
-1
180
49
-1
112
61
22
-1
