141
152
-1
104
170
-1
143
179
-1
30
164
114
-1
66
99
-1
136
59
-1
160
10
21
-1
104
56
47
-1
83
192
-1
7
37
13
-1
12
18
-1
11
178
74
-1
105
10
-1
119
194
39
-1
171
127
-1
147
125
27
185
-1
108
36
97
-1
103
140
11
-1
111
157
62
68
-1
156
41
-1
7
42
40
-1
113
196
-1
162
95
176
-1
96
162
-1
151
31
121
174
-1
193
164
174
-1
16
53
-1
158
89
144
-1
33
119
67
126
-1
34
116
4
-1
134
53
25
146
-1
58
113
-1
29
-1
82
165
30
-1
112
64
174
-1
17
72
-1
60
122
10
-1
168
119
146
-1
67
100
14
-1
48
83
21
-1
20
74
52
-1
72
21
76
-1
171
118
94
127
-1
145
101
189
-1
105
187
128
-1
187
160
-1
177
8
51
-1
192
40
160
-1
195
143
-1
75
138
-1
47
118
-1
41
190
-1
185
31
27
168
-1
122
191
128
-1
109
159
-1
96
8
-1
176
145
-1
32
167
-1
6
107
186
-1
37
182
-1
196
114
-1
19
16
131
127
-1
161
85
-1
172
35
-1
146
158
-1
175
5
-1
39
29
190
-1
171
19
-1
90
92
-1
111
-1
85
103
72
-1
42
36
107
71
140
-1
105
132
-1
41
12
184
-1
87
50
88
83
-1
42
182
-1
78
192
-1
130
77
-1
139
155
-1
90
92
186
169
-1
183
110
145
-1
34
-1
9
155
40
75
-1
192
180
138
176
-1
63
91
71
-1
150
189
110
129
-1
75
109
-1
75
102
136
-1
28
154
-1
80
69
149
-1
169
85
-1
80
69
126
-1
124
99
-1
43
170
-1
23
153
-1
56
24
-1
135
17
-1
100
184
-1
5
93
-1
39
98
-1
123
136
44
-1
88
135
-1
71
18
-1
8
2
-1
13
73
45
-1
128
132
-1
169
72
59
135
-1
17
124
-1
87
55
-1
81
86
-1
177
19
70
-1
35
196
-1
32
144
22
-1
115
61
4
-1
133
114
-1
165
30
163
164
-1
165
157
-1
51
43
-1
38
29
120
14
-1
119
158
194
-1
167
25
146
-1
37
54
-1
181
101
-1
93
139
108
-1
16
62
-1
148
92
190
29
-1
15
43
150
62
-1
54
106
45
-1
170
86
-1
179
78
-1
62
150
148
-1
106
73
-1
115
172
-1
166
31
-1
102
97
107
-1
101
6
88
-1
184
178
-1
50
84
-1
124
79
-1
18
72
191
-1
1
170
-1
-1
49
3
-1
28
154
113
-1
57
14
81
-1
31
168
38
65
121
-1
16
157
-1
149
131
126
-1
150
189
148
90
-1
127
86
131
149
-1
193
166
25
-1
1
153
183
-1
152
95
-1
144
89
194
-1
83
79
-1
20
161
-1
117
19
147
-1
65
120
28
-1
55
175
-1
46
7
48
-1
156
63
-1
24
23
-1
117
166
173
-1
116
26
4
-1
34
116
117
-1
151
134
185
163
-1
58
121
-1
38
146
53
-1
91
107
80
-1
2
141
129
94
-1
188
43
15
68
-1
64
133
-1
163
116
-1
25
26
35
-1
159
66
-1
23
57
84
-1
47
188
111
-1
12
137
-1
3
130
-1
84
195
-1
123
186
-1
76
60
191
-1
152
81
-1
74
98
137
-1
166
53
16
-1
189
181
59
80
-1
46
45
-1
177
171
-1
149
59
86
44
-1
67
126
52
-1
182
54
140
-1
77
9
84
48
-1
26
151
-1
154
120
14
-1
180
49
-1
61
22
112
-1
